             o  ,    o  ,                                                                              Astronomical Applications Dept.
Location: E021 01, N52 14                          Rise and Set for the Sun for 2000                   U. S. Naval Observatory        
                                                                                                       Washington, DC  20392-5420     
                                                      Zone:  1h East of Greenwich                                                     
                                                                                                                                      
                                                                                                                                      
       Jan.       Feb.       Mar.       Apr.       May        June       July       Aug.       Sept.      Oct.       Nov.       Dec.  
Day Rise  Set  Rise  Set  Rise  Set  Rise  Set  Rise  Set  Rise  Set  Rise  Set  Rise  Set  Rise  Set  Rise  Set  Rise  Set  Rise  Set
     h m  h m   h m  h m   h m  h m   h m  h m   h m  h m   h m  h m   h m  h m   h m  h m   h m  h m   h m  h m   h m  h m   h m  h m
01  0745 1533  0718 1622  0622 1716  0510 1810  0405 1902  0321 1948  0319 2000  0357 1926  0448 1823  0537 1713  0632 1607  0723 1527
02  0745 1534  0716 1623  0619 1717  0508 1812  0403 1904  0320 1949  0320 2000  0359 1925  0449 1821  0539 1710  0634 1605  0724 1526
03  0745 1535  0715 1625  0617 1719  0506 1814  0401 1905  0319 1950  0321 1959  0400 1923  0451 1818  0541 1708  0635 1603  0726 1526
04  0745 1537  0713 1627  0615 1721  0503 1815  0400 1907  0318 1951  0321 1959  0402 1921  0452 1816  0542 1706  0637 1601  0727 1525
05  0745 1538  0711 1629  0613 1723  0501 1817  0358 1909  0318 1952  0322 1958  0403 1919  0454 1814  0544 1704  0639 1559  0728 1525
06  0744 1539  0710 1631  0610 1725  0459 1819  0356 1910  0317 1953  0323 1958  0405 1917  0456 1811  0546 1701  0641 1558  0730 1524
07  0744 1540  0708 1633  0608 1727  0456 1821  0354 1912  0316 1954  0324 1957  0406 1916  0457 1809  0547 1659  0643 1556  0731 1524
08  0743 1542  0706 1635  0606 1728  0454 1822  0352 1913  0316 1954  0325 1956  0408 1914  0459 1807  0549 1657  0644 1554  0732 1524
09  0743 1543  0704 1637  0604 1730  0452 1824  0351 1915  0316 1955  0326 1956  0410 1912  0501 1804  0551 1655  0646 1553  0733 1523
10  0742 1544  0703 1639  0601 1732  0450 1826  0349 1917  0315 1956  0327 1955  0411 1910  0502 1802  0553 1652  0648 1551  0734 1523
11  0742 1546  0701 1640  0559 1734  0447 1828  0347 1918  0315 1957  0328 1954  0413 1908  0504 1800  0554 1650  0650 1550  0735 1523
12  0741 1547  0659 1642  0557 1735  0445 1829  0346 1920  0315 1957  0329 1953  0415 1906  0506 1757  0556 1648  0652 1548  0736 1523
13  0740 1549  0657 1644  0554 1737  0443 1831  0344 1922  0314 1958  0331 1952  0416 1904  0507 1755  0558 1646  0653 1546  0737 1523
14  0740 1550  0655 1646  0552 1739  0441 1833  0342 1923  0314 1959  0332 1951  0418 1902  0509 1753  0559 1643  0655 1545  0738 1523
15  0739 1552  0653 1648  0550 1741  0439 1834  0341 1925  0314 1959  0333 1950  0419 1900  0511 1750  0601 1641  0657 1544  0739 1523
16  0738 1554  0651 1650  0548 1742  0436 1836  0339 1926  0314 1959  0334 1949  0421 1858  0512 1748  0603 1639  0659 1542  0740 1523
17  0737 1555  0649 1652  0545 1744  0434 1838  0338 1928  0314 2000  0335 1948  0423 1856  0514 1746  0605 1637  0700 1541  0741 1524
18  0736 1557  0647 1654  0543 1746  0432 1840  0336 1929  0314 2000  0337 1947  0424 1854  0515 1743  0607 1635  0702 1540  0741 1524
19  0735 1558  0645 1655  0541 1748  0430 1841  0335 1931  0314 2001  0338 1946  0426 1852  0517 1741  0608 1633  0704 1538  0742 1524
20  0734 1600  0643 1657  0538 1749  0428 1843  0334 1932  0314 2001  0339 1944  0428 1850  0519 1739  0610 1630  0706 1537  0743 1525
21  0733 1602  0641 1659  0536 1751  0426 1845  0332 1934  0314 2001  0341 1943  0429 1847  0520 1736  0612 1628  0707 1536  0743 1525
22  0732 1604  0639 1701  0534 1753  0423 1846  0331 1935  0315 2001  0342 1942  0431 1845  0522 1734  0614 1626  0709 1535  0744 1526
23  0730 1605  0637 1703  0531 1755  0421 1848  0330 1936  0315 2001  0344 1940  0433 1843  0524 1732  0615 1624  0711 1534  0744 1526
24  0729 1607  0635 1705  0529 1756  0419 1850  0329 1938  0315 2001  0345 1939  0434 1841  0525 1729  0617 1622  0712 1533  0744 1527
25  0728 1609  0633 1707  0527 1758  0417 1852  0327 1939  0316 2001  0346 1937  0436 1839  0527 1727  0619 1620  0714 1532  0745 1528
26  0727 1611  0630 1708  0524 1800  0415 1853  0326 1940  0316 2001  0348 1936  0438 1837  0529 1725  0621 1618  0715 1531  0745 1528
27  0725 1612  0628 1710  0522 1802  0413 1855  0325 1942  0317 2001  0349 1934  0439 1834  0530 1722  0623 1616  0717 1530  0745 1529
28  0724 1614  0626 1712  0520 1803  0411 1857  0324 1943  0317 2001  0351 1933  0441 1832  0532 1720  0624 1614  0718 1529  0745 1530
29  0722 1616  0624 1714  0517 1805  0409 1858  0323 1944  0318 2001  0352 1931  0443 1830  0534 1717  0626 1612  0720 1528  0745 1531
30  0721 1618             0515 1807  0407 1900  0322 1945  0318 2000  0354 1930  0444 1828  0535 1715  0628 1610  0721 1528  0745 1532
31  0719 1620             0513 1809             0321 1947             0355 1928  0446 1825             0630 1608             0745 1533

Add one hour for daylight time, if and when in use.